581.9899     0.0106
583.5377     0.0399
583.6646     0.0582
584.7811     0.0829
585.3647     0.1210
585.6184     0.1422
585.7473     0.1656
586.1767     0.1893
586.3055     0.2127
586.5488     0.2431
586.8637     0.2646
587.2932     0.2905
587.5723     0.3134
587.9802     0.3554
588.8438     0.3895
589.0919     0.4159
590.2561     0.4505
591.5014     0.4881
592.4890     0.5273
593.2477     0.5600
593.5733     0.5858
594.0935     0.6163
594.7895     0.6555
595.1085     0.6933
596.0532     0.7289
596.3645     0.7617
596.9925     0.7864
597.4655     0.8134
598.1090     0.8394
599.1684     0.8692
603.2029     0.9020
612.1347     0.9143
621.0664     0.9196
629.9982     0.9250
638.9300     0.9299
647.8618     0.9349
656.7936     0.9394
665.7253     0.9432
674.6571     0.9463
683.4214     0.9513
692.5207     0.9533
701.4525     0.9551
710.3842     0.9577
719.3160     0.9570
728.2478     0.9607
737.1796     0.9691
746.1113     0.9751
755.0431     0.9782
763.9749     0.9837
772.9067     0.9889
781.8385     0.9899
790.7702     0.9886
799.3830     0.9898
808.6338     0.9946
817.5656     0.9953
826.4974     0.9949
835.4291     0.9955
844.3609     0.9970
853.2927     0.9980
862.2245     0.9982
871.1563     0.9959
880.3343     0.9902
888.8848     0.9824
898.3482     0.9624
906.3251     0.9396
914.1404     0.9177
921.1184     0.8960
926.9799     0.8730
932.5622     0.8494
937.8655     0.8271
942.6105     0.8057
947.0764     0.7846
951.5423     0.7619
955.8531     0.7379
960.0833     0.7113
964.1026     0.6868
968.0102     0.6639
971.9179     0.6402
975.6108     0.6167
979.3897     0.5932
982.5751     0.5693
985.8738     0.5450
989.1725     0.5205
992.0144     0.4980
994.8056     0.4759
997.5968     0.4533
1000.3879     0.4305
1003.1791     0.4079
1005.9703     0.3852
1008.7615     0.3624
1011.5527     0.3399
1014.3438     0.3180
1017.1350     0.2959
1019.9769     0.2734
1023.4903     0.2511
1026.9042     0.2286
1030.2536     0.2052
1033.6674     0.1830
1037.9014     0.1602
1044.4886     0.1361
1050.3501     0.1146
1056.7698     0.0917
1064.8642     0.0693
1073.7960     0.0513
1082.7278     0.0379
1091.6595     0.0284
1100.5913     0.0183
1109.5231     0.0072
1118.4549     0.0013
1125.1537     0.0061
