5.00   3750.0   0.28530   0.81860
5.00   4000.0   0.27520   0.89680
5.00   4250.0   0.27750   0.96410
5.00   4500.0   0.29320   0.99470
5.00   4750.0   0.32220   1.00560
5.00   5000.0   0.36240   0.95710
5.00   5250.0   0.39430   0.87380
5.00   5500.0   0.41450   0.83210
5.00   5750.0   0.42660   0.79690
5.00   6000.0   0.43360   0.76700
5.00   6250.0   0.43690   0.74430
5.00   6500.0   0.43700   0.72580
5.00   7000.0   0.43030   0.71670
5.00   7500.0   0.41800   0.70440
5.00   8000.0   0.40130   0.67920
5.00   8500.0   0.38090   0.61900
5.00   9000.0   0.35880   0.47730
5.00   9500.0   0.33650   0.37990
5.00   10000.0   0.32520   0.38660
5.00   10500.0   0.31820   0.38290
5.00   11000.0   0.30900   0.37670
5.00   11500.0   0.29870   0.36480
5.00   12000.0   0.29310   0.35490
5.00   12500.0   0.28640   0.35280
5.00   13000.0   0.28030   0.34890
5.00   13500.0   0.27410   0.34590
5.00   14000.0   0.26940   0.34370
5.00   14500.0   0.26340   0.34170
5.00   15000.0   0.26000   0.33990
5.00   15500.0   0.25570   0.34020
5.00   16000.0   0.25070   0.33930
5.00   16500.0   0.24800   0.33880
5.00   17000.0   0.24450   0.34190
5.00   20000.0   0.22750   0.35270
5.00   25000.0   0.21400   0.39840
5.00   30000.0   0.20250   0.45530
5.00   35000.0   0.16950   0.40500
5.00   40000.0   0.15250   0.30490
5.00   45000.0   0.14370   0.26310
5.00   50000.0   0.13900   0.24480
5.00   55000.0   0.13700   0.23470
5.00   60000.0   0.13710   0.23070
5.25   3750.0   0.28700   0.79180
5.25   4000.0   0.27520   0.87450
5.25   4250.0   0.27540   0.94570
5.25   4500.0   0.28790   0.98280
5.25   4750.0   0.31050   1.00640
5.25   5000.0   0.34740   0.96030
5.25   5250.0   0.38080   0.87220
5.25   5500.0   0.40360   0.83130
5.25   5750.0   0.41690   0.79600
5.25   6000.0   0.42440   0.76640
5.25   6250.0   0.42840   0.74270
5.25   6500.0   0.42960   0.72140
5.25   7000.0   0.42510   0.71040
5.25   7500.0   0.41460   0.69830
5.25   8000.0   0.39920   0.67830
5.25   8500.0   0.38010   0.63070
5.25   9000.0   0.35990   0.51400
5.25   9500.0   0.34020   0.38690
5.25   10000.0   0.32580   0.36530
5.25   10500.0   0.31670   0.38220
5.25   11000.0   0.30790   0.37060
5.25   11500.0   0.29940   0.36220
5.25   12000.0   0.29180   0.35650
5.25   12500.0   0.28500   0.35130
5.25   13000.0   0.27880   0.34750
5.25   13500.0   0.27310   0.34490
5.25   14000.0   0.26780   0.34250
5.25   14500.0   0.26290   0.34080
5.25   15000.0   0.25830   0.33930
5.25   15500.0   0.25400   0.33850
5.25   16000.0   0.25000   0.33850
5.25   16500.0   0.24610   0.33810
5.25   17000.0   0.24260   0.34070
5.25   20000.0   0.22490   0.35100
5.25   25000.0   0.21070   0.39400
5.25   30000.0   0.19830   0.44970
5.25   35000.0   0.16430   0.40280
5.25   40000.0   0.14540   0.30330
5.25   45000.0   0.13490   0.26000
5.25   50000.0   0.12830   0.24040
5.25   55000.0   0.12450   0.22860
5.25   60000.0   0.12250   0.22310
5.50   3750.0   0.28960   0.76230
5.50   4000.0   0.27590   0.85100
5.50   4250.0   0.27420   0.92630
5.50   4500.0   0.28410   0.96950
5.50   4750.0   0.30150   1.00690
5.50   5000.0   0.33330   0.96390
5.50   5250.0   0.36700   0.87000
5.50   5500.0   0.39230   0.83010
5.50   5750.0   0.40770   0.79510
5.50   6000.0   0.41600   0.76530
5.50   6250.0   0.42010   0.74140
5.50   6500.0   0.42190   0.71770
5.50   7000.0   0.41930   0.70460
5.50   7500.0   0.41050   0.69220
5.50   8000.0   0.39670   0.67560
5.50   8500.0   0.37900   0.64010
5.50   9000.0   0.35900   0.55380
5.50   9500.0   0.34040   0.41070
5.50   10000.0   0.32270   0.34340
5.50   10500.0   0.31530   0.36650
5.50   11000.0   0.30700   0.36820
5.50   11500.0   0.29870   0.35940
5.50   12000.0   0.29100   0.35350
5.50   12500.0   0.28400   0.35030
5.50   13000.0   0.27770   0.34600
5.50   13500.0   0.27210   0.34280
5.50   14000.0   0.26670   0.34160
5.50   14500.0   0.26180   0.33980
5.50   15000.0   0.25720   0.33860
5.50   15500.0   0.25280   0.33820
5.50   16000.0   0.24820   0.33720
5.50   16500.0   0.24490   0.33700
5.50   17000.0   0.24130   0.33960
5.50   20000.0   0.22380   0.34960
5.50   25000.0   0.20870   0.39100
5.50   30000.0   0.19520   0.44510
5.50   35000.0   0.16050   0.40000
5.50   40000.0   0.14020   0.30170
5.50   45000.0   0.12840   0.25740
5.50   50000.0   0.12060   0.23670
5.50   55000.0   0.11550   0.22410
5.50   60000.0   0.11210   0.21800
5.75   3750.0   0.29300   0.73840
5.75   4000.0   0.27730   0.82880
5.75   4250.0   0.27370   0.90780
5.75   4500.0   0.27930   0.95500
5.75   4750.0   0.29490   1.00640
5.75   5000.0   0.32060   0.96770
5.75   5250.0   0.35320   0.86630
5.75   5500.0   0.38060   0.82880
5.75   5750.0   0.39840   0.79370
5.75   6000.0   0.40780   0.76330
5.75   6250.0   0.41250   0.73990
5.75   6500.0   0.41430   0.71460
5.75   7000.0   0.41280   0.69950
5.75   7500.0   0.40580   0.68620
5.75   8000.0   0.39370   0.67170
5.75   8500.0   0.37750   0.64370
5.75   9000.0   0.35840   0.57800
5.75   9500.0   0.34190   0.44800
5.75   10000.0   0.32570   0.34260
5.75   10500.0   0.31390   0.34300
5.75   11000.0   0.30610   0.36330
5.75   11500.0   0.29820   0.35740
5.75   12000.0   0.29050   0.35020
5.75   12500.0   0.28360   0.34670
5.75   13000.0   0.27720   0.34500
5.75   13500.0   0.27140   0.34260
5.75   14000.0   0.26610   0.34050
5.75   14500.0   0.26110   0.33910
5.75   15000.0   0.25640   0.33790
5.75   15500.0   0.25210   0.33700
5.75   16000.0   0.24800   0.33670
5.75   16500.0   0.24420   0.33720
5.75   17000.0   0.23970   0.33870
5.75   20000.0   0.22290   0.34850
5.75   25000.0   0.20760   0.38880
5.75   30000.0   0.19280   0.44120
5.75   35000.0   0.15770   0.39670
5.75   40000.0   0.13650   0.29970
5.75   45000.0   0.12380   0.25500
5.75   50000.0   0.11510   0.23370
5.75   55000.0   0.10910   0.22080
5.75   60000.0   0.10470   0.21420
6.00   3750.0   0.29720   0.71380
6.00   4000.0   0.27940   0.80590
6.00   4250.0   0.27400   0.88720
6.00   4500.0   0.27700   0.93940
6.00   4750.0   0.29010   1.00470
6.00   5000.0   0.31020   0.97270
6.00   5250.0   0.33970   0.86440
6.00   5500.0   0.36840   0.82580
6.00   5750.0   0.38880   0.79200
6.00   6000.0   0.40020   0.76180
6.00   6250.0   0.40550   0.73770
6.00   6500.0   0.40750   0.71180
6.00   7000.0   0.40610   0.69530
6.00   7500.0   0.40050   0.68040
6.00   8000.0   0.39010   0.66700
6.00   8500.0   0.37550   0.64460
6.00   9000.0   0.35770   0.59450
6.00   9500.0   0.34030   0.49390
6.00   10000.0   0.32570   0.36080
6.00   10500.0   0.31350   0.31480
6.00   11000.0   0.30520   0.34770
6.00   11500.0   0.29780   0.35370
6.00   12000.0   0.29040   0.34830
6.00   12500.0   0.28340   0.34470
6.00   13000.0   0.27700   0.34250
6.00   13500.0   0.27120   0.34080
6.00   14000.0   0.26580   0.33930
6.00   14500.0   0.26080   0.33810
6.00   15000.0   0.25610   0.33720
6.00   15500.0   0.25180   0.33650
6.00   16000.0   0.24770   0.33620
6.00   16500.0   0.24380   0.33600
6.00   17000.0   0.24020   0.33800
6.00   20000.0   0.22250   0.34780
6.00   25000.0   0.20680   0.38730
6.00   30000.0   0.19050   0.43790
6.00   35000.0   0.15570   0.39320
6.00   40000.0   0.13390   0.29740
6.00   45000.0   0.12050   0.25230
6.00   50000.0   0.11120   0.23070
6.00   55000.0   0.10450   0.22410
6.00   60000.0   0.09920   0.23050
6.25   3750.0   0.30220   0.69270
6.25   4000.0   0.28200   0.78340
6.25   4250.0   0.27490   0.86610
6.25   4500.0   0.27560   0.92290
6.25   4750.0   0.28640   1.00500
6.25   5000.0   0.30250   0.97640
6.25   5250.0   0.32740   0.85940
6.25   5500.0   0.35590   0.82420
6.25   5750.0   0.37850   0.79000
6.25   6000.0   0.39240   0.75950
6.25   6250.0   0.39890   0.73520
6.25   6500.0   0.40130   0.70900
6.25   7000.0   0.39990   0.69150
6.25   7500.0   0.39480   0.67530
6.25   8000.0   0.38590   0.66200
6.25   8500.0   0.37280   0.64320
6.25   9000.0   0.35660   0.60420
6.25   9500.0   0.33910   0.52590
6.25   10000.0   0.32700   0.39930
6.25   10500.0   0.31450   0.30930
6.25   11000.0   0.30450   0.31990
6.25   11500.0   0.29750   0.34610
6.25   12000.0   0.29040   0.34550
6.25   12500.0   0.28360   0.34190
6.25   13000.0   0.27720   0.33980
6.25   13500.0   0.27130   0.33860
6.25   14000.0   0.26590   0.33760
6.25   14500.0   0.26090   0.33680
6.25   15000.0   0.25620   0.33630
6.25   15500.0   0.25170   0.33570
6.25   16000.0   0.24770   0.33550
6.25   16500.0   0.24380   0.33550
6.25   17000.0   0.24020   0.33750
6.25   20000.0   0.22260   0.34710
6.25   25000.0   0.20650   0.38610
6.25   30000.0   0.18980   0.43510
6.25   35000.0   0.15420   0.38980
6.25   40000.0   0.13200   0.29490
6.25   45000.0   0.11830   0.25220
6.25   50000.0   0.10830   0.23240
6.25   55000.0   0.10110   0.21740
6.25   60000.0   0.09560   0.20840
6.50   3750.0   0.30800   0.67680
6.50   4000.0   0.28520   0.76250
6.50   4250.0   0.27630   0.84450
6.50   4500.0   0.27510   0.90520
6.50   4750.0   0.28380   1.00240
6.50   5000.0   0.29610   0.98270
6.50   5250.0   0.31670   0.85700
6.50   5500.0   0.34340   0.82000
6.50   5750.0   0.36770   0.78770
6.50   6000.0   0.38410   0.75720
6.50   6250.0   0.39260   0.73260
6.50   6500.0   0.39550   0.70600
6.50   7000.0   0.39420   0.68800
6.50   7500.0   0.38910   0.67040
6.50   8000.0   0.38120   0.65680
6.50   8500.0   0.36950   0.64050
6.50   9000.0   0.35480   0.60990
6.50   9500.0   0.33800   0.54710
6.50   10000.0   0.32470   0.44530
6.50   10500.0   0.31560   0.32910
6.50   11000.0   0.30450   0.29100
6.50   11500.0   0.29710   0.32620
6.50   12000.0   0.29050   0.34100
6.50   12500.0   0.28390   0.33940
6.50   13000.0   0.27740   0.33700
6.50   13500.0   0.27170   0.33560
6.50   14000.0   0.26620   0.33540
6.50   14500.0   0.26120   0.33530
6.50   15000.0   0.25650   0.33500
6.50   15500.0   0.25210   0.33480
6.50   16000.0   0.24800   0.33480
6.50   16500.0   0.24410   0.33490
6.50   17000.0   0.24050   0.33700
6.50   20000.0   0.22290   0.34650
6.50   25000.0   0.20650   0.38520
6.50   30000.0   0.18890   0.43250
6.50   35000.0   0.15320   0.38620
6.50   40000.0   0.13080   0.29240
6.50   45000.0   0.11680   0.24930
6.50   50000.0   0.10650   0.22870
6.50   55000.0   0.09910   0.21410
6.50   60000.0   0.09320   0.20580
6.75   3750.0   0.31480   0.66640
6.75   4000.0   0.28900   0.74340
6.75   4250.0   0.27830   0.82260
6.75   4500.0   0.27540   0.88790
6.75   4750.0   0.28120   1.00030
6.75   5000.0   0.29180   0.98510
6.75   5250.0   0.30800   0.85340
6.75   5500.0   0.33170   0.81840
6.75   5750.0   0.35620   0.78540
6.75   6000.0   0.37500   0.75430
6.75   6250.0   0.38570   0.72930
6.75   6500.0   0.39030   0.70270
6.75   7000.0   0.38940   0.68430
6.75   7500.0   0.38400   0.66630
6.75   8000.0   0.37620   0.65210
6.75   8500.0   0.36570   0.63700
6.75   9000.0   0.35230   0.61250
6.75   9500.0   0.33650   0.56240
6.75   10000.0   0.32220   0.48120
6.75   10500.0   0.31410   0.36880
6.75   11000.0   0.30530   0.28550
6.75   11500.0   0.29670   0.29370
6.75   12000.0   0.29050   0.32820
6.75   12500.0   0.28430   0.33570
6.75   13000.0   0.27800   0.33430
6.75   13500.0   0.27230   0.33320
6.75   14000.0   0.26680   0.33280
6.75   14500.0   0.26180   0.33310
6.75   15000.0   0.25710   0.33330
6.75   15500.0   0.25270   0.33350
6.75   16000.0   0.24860   0.33380
6.75   16500.0   0.24470   0.33410
6.75   17000.0   0.24110   0.33650
6.75   20000.0   0.22360   0.34600
6.75   25000.0   0.20680   0.38470
6.75   30000.0   0.18780   0.43010
6.75   35000.0   0.15250   0.38240
6.75   40000.0   0.13010   0.28970
6.75   45000.0   0.11590   0.24690
6.75   50000.0   0.10540   0.22750
6.75   55000.0   0.09750   0.21060
6.75   60000.0   0.09170   0.19460
7.00   3750.0   0.32240   0.66180
7.00   4000.0   0.29340   0.72680
7.00   4250.0   0.28080   0.80100
7.00   4500.0   0.27620   0.86990
7.00   4750.0   0.27840   0.99630
7.00   5000.0   0.28850   0.98830
7.00   5250.0   0.30130   0.85190
7.00   5500.0   0.32110   0.81560
7.00   5750.0   0.34470   0.78210
7.00   6000.0   0.36500   0.75190
7.00   6250.0   0.37830   0.72620
7.00   6500.0   0.38460   0.69930
7.00   7000.0   0.38510   0.68070
7.00   7500.0   0.37950   0.66210
7.00   8000.0   0.37160   0.64750
7.00   8500.0   0.36150   0.63320
7.00   9000.0   0.34900   0.61240
7.00   9500.0   0.33450   0.57290
7.00   10000.0   0.31970   0.50490
7.00   10500.0   0.31030   0.41440
7.00   11000.0   0.30480   0.31120
7.00   11500.0   0.29660   0.26700
7.00   12000.0   0.29000   0.30030
7.00   12500.0   0.28440   0.32700
7.00   13000.0   0.27860   0.33070
7.00   13500.0   0.27290   0.32980
7.00   14000.0   0.26760   0.33050
7.00   14500.0   0.26250   0.33130
7.00   15000.0   0.25780   0.33110
7.00   15500.0   0.25350   0.33150
7.00   16000.0   0.24930   0.33240
7.00   16500.0   0.24550   0.33320
7.00   17000.0   0.24180   0.33590
7.00   20000.0   0.22450   0.34560
7.00   25000.0   0.20740   0.38420
7.00   30000.0   0.18780   0.42790
7.00   35000.0   0.15200   0.37880
7.00   40000.0   0.12970   0.28690
7.00   45000.0   0.11540   0.24420
7.00   50000.0   0.10490   0.22190
7.00   55000.0   0.09720   0.20670
7.00   60000.0   0.09090   0.20010
7.25   3750.0   0.33100   0.66450
7.25   4000.0   0.29850   0.71380
7.25   4250.0   0.28380   0.78010
7.25   4500.0   0.27760   0.85080
7.25   4750.0   0.27750   0.99080
7.25   5000.0   0.28620   0.99240
7.25   5250.0   0.29640   0.85040
7.25   5500.0   0.31240   0.81270
7.25   5750.0   0.33370   0.77970
7.25   6000.0   0.35460   0.74880
7.25   6250.0   0.37010   0.72280
7.25   6500.0   0.37860   0.69570
7.25   7000.0   0.38140   0.67680
7.25   7500.0   0.37600   0.65740
7.25   8000.0   0.36780   0.64260
7.25   8500.0   0.35770   0.62910
7.25   9000.0   0.34560   0.61150
7.25   9500.0   0.33180   0.57960
7.25   10000.0   0.31710   0.52230
7.25   10500.0   0.30630   0.44730
7.25   11000.0   0.30110   0.35540
7.25   11500.0   0.29610   0.27310
7.25   12000.0   0.28920   0.26550
7.25   12500.0   0.28390   0.30420
7.25   13000.0   0.27890   0.32420
7.25   13500.0   0.27350   0.32710
7.25   14000.0   0.26830   0.32740
7.25   14500.0   0.26340   0.32800
7.25   15000.0   0.25870   0.32870
7.25   15500.0   0.25440   0.32970
7.25   16000.0   0.25030   0.33080
7.25   16500.0   0.24640   0.33170
7.25   17000.0   0.24280   0.33510
7.25   20000.0   0.22550   0.34520
7.25   25000.0   0.20810   0.38390
7.25   30000.0   0.18760   0.42570
7.25   35000.0   0.15200   0.37490
7.25   40000.0   0.12960   0.28420
7.25   45000.0   0.11530   0.24100
7.25   50000.0   0.10480   0.21880
7.25   55000.0   0.09700   0.20610
7.25   60000.0   0.09060   0.20170
7.50   3750.0   0.34090   0.67150
7.50   4000.0   0.30440   0.70390
7.50   4250.0   0.28730   0.76040
7.50   4500.0   0.27960   0.83120
7.50   4750.0   0.27770   0.98500
7.50   5000.0   0.28490   0.99520
7.50   5250.0   0.29290   0.84920
7.50   5500.0   0.30560   0.81050
7.50   5750.0   0.32370   0.77690
7.50   6000.0   0.34390   0.74660
7.50   6250.0   0.36100   0.71970
7.50   6500.0   0.37180   0.69140
7.50   7000.0   0.37770   0.67270
7.50   7500.0   0.37330   0.65330
7.50   8000.0   0.36470   0.63790
7.50   8500.0   0.35440   0.62510
7.50   9000.0   0.34240   0.60900
7.50   9500.0   0.32890   0.58320
7.50   10000.0   0.31430   0.53650
7.50   10500.0   0.30220   0.46940
7.50   11000.0   0.29570   0.39710
7.50   11500.0   0.29270   0.30930
7.50   12000.0   0.28790   0.25140
7.50   12500.0   0.28250   0.26910
7.50   13000.0   0.27810   0.30550
7.50   13500.0   0.27370   0.32130
7.50   14000.0   0.26890   0.32390
7.50   14500.0   0.26410   0.32360
7.50   15000.0   0.25950   0.32700
7.50   15500.0   0.25530   0.32940
7.50   16000.0   0.25120   0.32850
7.50   16500.0   0.24740   0.32960
7.50   17000.0   0.24380   0.33390
7.50   20000.0   0.22670   0.34460
7.50   25000.0   0.20910   0.38380
7.50   30000.0   0.18760   0.42360
7.50   35000.0   0.15190   0.37100
7.50   40000.0   0.12970   0.28150
7.50   45000.0   0.11540   0.23880
7.50   50000.0   0.10500   0.21710
7.50   55000.0   0.09700   0.20210
7.50   60000.0   0.09070   0.19170
7.75   3750.0   0.35160   0.68830
7.75   4000.0   0.31100   0.69910
7.75   4250.0   0.29130   0.74240
7.75   4500.0   0.28200   0.81160
7.75   4750.0   0.27870   0.97800
7.75   5000.0   0.28420   0.99640
7.75   5250.0   0.29050   0.84800
7.75   5500.0   0.30060   0.81120
7.75   5750.0   0.31540   0.77490
7.75   6000.0   0.33380   0.74340
7.75   6250.0   0.35140   0.71630
7.75   6500.0   0.36410   0.68700
7.75   7000.0   0.37360   0.66800
7.75   7500.0   0.37080   0.64870
7.75   8000.0   0.36260   0.63330
7.75   8500.0   0.35210   0.62020
7.75   9000.0   0.34010   0.60620
7.75   9500.0   0.32620   0.58480
7.75   10000.0   0.31170   0.54650
7.75   10500.0   0.29830   0.48770
7.75   11000.0   0.29000   0.42340
7.75   11500.0   0.28650   0.35500
7.75   12000.0   0.28430   0.27600
7.75   12500.0   0.28000   0.24270
7.75   13000.0   0.27590   0.27250
7.75   13500.0   0.27250   0.30480
7.75   14000.0   0.26880   0.31820
7.75   14500.0   0.26470   0.32280
7.75   15000.0   0.26030   0.32240
7.75   15500.0   0.25630   0.32400
7.75   16000.0   0.25250   0.32740
7.75   16500.0   0.24870   0.32740
7.75   17000.0   0.24520   0.33260
7.75   20000.0   0.22810   0.34420
7.75   25000.0   0.21000   0.38380
7.75   30000.0   0.18770   0.42140
7.75   35000.0   0.15200   0.36700
7.75   40000.0   0.13000   0.27860
7.75   45000.0   0.11580   0.23560
7.75   50000.0   0.10540   0.21300
7.75   55000.0   0.09750   0.20180
7.75   60000.0   0.09090   0.19920
8.00   3750.0   0.36270   0.70310
8.00   4000.0   0.31850   0.69590
8.00   4250.0   0.29600   0.72660
8.00   4500.0   0.28500   0.79250
8.00   4750.0   0.28020   0.97040
8.00   5000.0   0.28420   0.99710
8.00   5250.0   0.28890   0.84670
8.00   5500.0   0.29700   0.81140
8.00   5750.0   0.30890   0.77380
8.00   6000.0   0.32460   0.74070
8.00   6250.0   0.34160   0.71310
8.00   6500.0   0.35570   0.68270
8.00   7000.0   0.36920   0.66320
8.00   7500.0   0.36840   0.64370
8.00   8000.0   0.36140   0.62830
8.00   8500.0   0.35080   0.61550
8.00   9000.0   0.33850   0.60280
8.00   9500.0   0.32440   0.58480
8.00   10000.0   0.30940   0.55380
8.00   10500.0   0.29500   0.50270
8.00   11000.0   0.28480   0.44250
8.00   11500.0   0.27960   0.38760
8.00   12000.0   0.27760   0.32080
8.00   12500.0   0.27580   0.25370
8.00   13000.0   0.27230   0.24200
8.00   13500.0   0.26950   0.27390
8.00   14000.0   0.26690   0.30160
8.00   14500.0   0.26410   0.31580
8.00   15000.0   0.26080   0.31800
8.00   15500.0   0.25710   0.32050
8.00   16000.0   0.25350   0.32710
8.00   16500.0   0.24970   0.32660
8.00   17000.0   0.24650   0.33080
8.00   20000.0   0.22940   0.34350
8.00   25000.0   0.21120   0.38370
8.00   30000.0   0.18780   0.41920
8.00   35000.0   0.15230   0.36280
8.00   40000.0   0.13040   0.27580
8.00   45000.0   0.11630   0.23350
8.00   50000.0   0.10590   0.21120
8.00   55000.0   0.09800   0.19880
8.00   60000.0   0.09150   0.19330
8.25   3750.0   0.37560   0.72880
8.25   4000.0   0.32690   0.69870
8.25   4250.0   0.30130   0.71340
8.25   4500.0   0.28840   0.77450
8.25   4750.0   0.28230   0.96210
8.25   5000.0   0.28450   0.99690
8.25   5250.0   0.28810   0.84520
8.25   5500.0   0.29440   0.81160
8.25   5750.0   0.30400   0.77390
8.25   6000.0   0.31710   0.73890
8.25   6250.0   0.33240   0.70990
8.25   6500.0   0.34680   0.67860
8.25   7000.0   0.36390   0.65820
8.25   7500.0   0.36590   0.63830
8.25   8000.0   0.35990   0.62280
8.25   8500.0   0.35010   0.61010
8.25   9000.0   0.33800   0.59860
8.25   9500.0   0.32380   0.58360
8.25   10000.0   0.30830   0.55810
8.25   10500.0   0.29280   0.51540
8.25   11000.0   0.28050   0.45950
8.25   11500.0   0.27330   0.40780
8.25   12000.0   0.26990   0.35980
8.25   12500.0   0.26880   0.29480
8.25   13000.0   0.26720   0.24010
8.25   13500.0   0.26470   0.24060
8.25   14000.0   0.26280   0.27330
8.25   14500.0   0.26130   0.29980
8.25   15000.0   0.25950   0.31200
8.25   15500.0   0.25710   0.31680
8.25   16000.0   0.25410   0.31930
8.25   16500.0   0.25090   0.32540
8.25   17000.0   0.24770   0.33000
8.25   20000.0   0.23100   0.34260
8.25   25000.0   0.21220   0.38370
8.25   30000.0   0.18800   0.41680
8.25   35000.0   0.15250   0.35860
8.25   40000.0   0.13070   0.27300
8.25   45000.0   0.11690   0.23080
8.25   50000.0   0.10660   0.20940
8.25   55000.0   0.09860   0.19630
8.25   60000.0   0.09220   0.18630
8.50   3750.0   0.38900   0.76060
8.50   4000.0   0.33620   0.70600
8.50   4250.0   0.30740   0.70320
8.50   4500.0   0.29230   0.75770
8.50   4750.0   0.28490   0.95210
8.50   5000.0   0.28620   0.99540
8.50   5250.0   0.28810   0.84440
8.50   5500.0   0.29280   0.81280
8.50   5750.0   0.30060   0.77540
8.50   6000.0   0.31120   0.73860
8.50   6250.0   0.32430   0.70710
8.50   6500.0   0.33810   0.67390
8.50   7000.0   0.35770   0.65280
8.50   7500.0   0.36310   0.63260
8.50   8000.0   0.35880   0.61700
8.50   8500.0   0.34970   0.60450
8.50   9000.0   0.33840   0.59390
8.50   9500.0   0.32430   0.58100
8.50   10000.0   0.30860   0.56070
8.50   10500.0   0.29210   0.52540
8.50   11000.0   0.27780   0.47470
8.50   11500.0   0.26820   0.42410
8.50   12000.0   0.26300   0.38250
8.50   12500.0   0.26060   0.33810
8.50   13000.0   0.26000   0.27640
8.50   13500.0   0.25890   0.23220
8.50   14000.0   0.25730   0.23930
8.50   14500.0   0.25640   0.27060
8.50   15000.0   0.25590   0.29640
8.50   15500.0   0.25510   0.30990
8.50   16000.0   0.25360   0.31480
8.50   16500.0   0.25150   0.31820
8.50   17000.0   0.24880   0.32760
8.50   20000.0   0.23250   0.34200
8.50   25000.0   0.21350   0.38370
8.50   30000.0   0.18800   0.41450
8.50   35000.0   0.15290   0.35390
8.50   40000.0   0.13160   0.27020
8.50   45000.0   0.11750   0.22760
8.50   50000.0   0.10740   0.20600
8.50   55000.0   0.09950   0.19750
8.50   60000.0   0.09280   0.19350
8.75   3750.0   0.40320   0.79800
8.75   4000.0   0.34650   0.71810
8.75   4250.0   0.31430   0.69640
8.75   4500.0   0.29670   0.74260
8.75   4750.0   0.28790   0.94300
8.75   5000.0   0.28750   0.99280
8.75   5250.0   0.28850   0.84210
8.75   5500.0   0.29200   0.81390
8.75   5750.0   0.29830   0.77710
8.75   6000.0   0.30690   0.73940
8.75   6250.0   0.31770   0.70610
8.75   6500.0   0.33010   0.67000
8.75   7000.0   0.35090   0.64740
8.75   7500.0   0.35950   0.62620
8.75   8000.0   0.35740   0.61060
8.75   8500.0   0.34950   0.59880
8.75   9000.0   0.33890   0.58850
8.75   9500.0   0.32570   0.57710
8.75   10000.0   0.31020   0.56110
8.75   10500.0   0.29310   0.53310
8.75   11000.0   0.27690   0.48840
8.75   11500.0   0.26500   0.43910
8.75   12000.0   0.25750   0.39860
8.75   12500.0   0.25340   0.36400
8.75   13000.0   0.25180   0.32180
8.75   13500.0   0.25160   0.26440
8.75   14000.0   0.25110   0.22750
8.75   14500.0   0.25030   0.23750
8.75   15000.0   0.25020   0.26610
8.75   15500.0   0.25060   0.29000
8.75   16000.0   0.25080   0.30410
8.75   16500.0   0.25020   0.31070
8.75   17000.0   0.24910   0.32540
8.75   20000.0   0.23390   0.34130
8.75   25000.0   0.21470   0.38340
8.75   30000.0   0.18830   0.41190
8.75   35000.0   0.15330   0.34940
8.75   40000.0   0.13220   0.26750
8.75   45000.0   0.11820   0.22520
8.75   50000.0   0.10830   0.20340
8.75   55000.0   0.10040   0.19390
8.75   60000.0   0.09390   0.18680
9.00   3750.0   0.41750   0.84860
9.00   4000.0   0.35780   0.73760
9.00   4250.0   0.32210   0.69380
9.00   4500.0   0.30180   0.73170
9.00   4750.0   0.29130   0.93440
9.00   5000.0   0.28960   0.98750
9.00   5250.0   0.28920   0.83830
9.00   5500.0   0.29180   0.81480
9.00   5750.0   0.29670   0.78040
9.00   6000.0   0.30400   0.74220
9.00   6250.0   0.31280   0.70610
9.00   6500.0   0.32320   0.66650
9.00   7000.0   0.34360   0.64220
9.00   7500.0   0.35520   0.61980
9.00   8000.0   0.35560   0.60380
9.00   8500.0   0.34920   0.59180
9.00   9000.0   0.33950   0.58180
9.00   9500.0   0.32740   0.57320
9.00   10000.0   0.31270   0.56080
9.00   10500.0   0.29560   0.53790
9.00   11000.0   0.27800   0.50020
9.00   11500.0   0.26370   0.45310
9.00   12000.0   0.25390   0.41180
9.00   12500.0   0.24780   0.38040
9.00   13000.0   0.24450   0.35060
9.00   13500.0   0.24350   0.31030
9.00   14000.0   0.24390   0.25700
9.00   14500.0   0.24390   0.22450
9.00   15000.0   0.24400   0.23420
9.00   15500.0   0.24450   0.25960
9.00   16000.0   0.24560   0.28340
9.00   16500.0   0.24660   0.30090
9.00   17000.0   0.24680   0.32120
9.00   20000.0   0.23520   0.33940
9.00   25000.0   0.21560   0.38310
9.00   30000.0   0.18840   0.40920
9.00   35000.0   0.15380   0.34480
9.00   40000.0   0.13280   0.26480
9.00   45000.0   0.11900   0.22280
9.00   50000.0   0.10910   0.20120
9.00   55000.0   0.10120   0.19160
9.00   60000.0   0.09480   0.18300
9.25   3750.0   0.43200   0.90950
9.25   4000.0   0.36990   0.76510
9.25   4250.0   0.33100   0.69650
9.25   4500.0   0.30760   0.72110
9.25   4750.0   0.29540   0.92810
9.25   5000.0   0.29160   0.98480
9.25   5250.0   0.29040   0.83200
9.25   5500.0   0.29210   0.81470
9.25   5750.0   0.29580   0.78370
9.25   6000.0   0.30170   0.74620
9.25   6250.0   0.30920   0.70860
9.25   6500.0   0.31800   0.66440
9.25   7000.0   0.33670   0.63670
9.25   7500.0   0.35000   0.61310
9.25   8000.0   0.35320   0.59710
9.25   8500.0   0.34880   0.58450
9.25   9000.0   0.34020   0.57450
9.25   9500.0   0.32940   0.56680
9.25   10000.0   0.31560   0.55780
9.25   10500.0   0.29940   0.54090
9.25   11000.0   0.28130   0.51020
9.25   11500.0   0.26480   0.46700
9.25   12000.0   0.25270   0.42480
9.25   12500.0   0.24450   0.39260
9.25   13000.0   0.23930   0.36750
9.25   13500.0   0.23670   0.34060
9.25   14000.0   0.23630   0.30280
9.25   14500.0   0.23710   0.25440
9.25   15000.0   0.23780   0.22350
9.25   15500.0   0.23840   0.22810
9.25   16000.0   0.23950   0.25280
9.25   16500.0   0.24090   0.27340
9.25   17000.0   0.24420   0.31360
9.25   20000.0   0.23660   0.33760
9.25   25000.0   0.21700   0.38270
9.25   30000.0   0.18850   0.40630
9.25   35000.0   0.15410   0.34000
9.25   40000.0   0.13350   0.26210
9.25   45000.0   0.11970   0.22060
9.25   50000.0   0.11000   0.19970
9.25   55000.0   0.10210   0.19010
9.25   60000.0   0.09570   0.17860
9.50   3750.0   0.44560   0.96210
9.50   4000.0   0.38230   0.79460
9.50   4250.0   0.34060   0.70500
9.50   4500.0   0.31440   0.71640
9.50   4750.0   0.30000   0.93950
9.50   5000.0   0.29450   0.97880
9.50   5250.0   0.29290   0.80750
9.50   5500.0   0.29300   0.81460
9.50   5750.0   0.29550   0.78730
9.50   6000.0   0.30030   0.75120
9.50   6250.0   0.30670   0.71270
9.50   6500.0   0.31410   0.66420
9.50   7000.0   0.33030   0.63210
9.50   7500.0   0.34430   0.60590
9.50   8000.0   0.35030   0.59000
9.50   8500.0   0.34790   0.57710
9.50   9000.0   0.34070   0.56710
9.50   9500.0   0.33090   0.55940
9.50   10000.0   0.31860   0.55180
9.50   10500.0   0.30370   0.54080
9.50   11000.0   0.28600   0.51800
9.50   11500.0   0.26820   0.48020
9.50   12000.0   0.25370   0.43810
9.50   12500.0   0.24340   0.40400
9.50   13000.0   0.23630   0.37920
9.50   13500.0   0.23190   0.35800
9.50   14000.0   0.23000   0.33360
9.50   14500.0   0.23010   0.29920
9.50   15000.0   0.23130   0.25560
9.50   15500.0   0.23230   0.22390
9.50   16000.0   0.23350   0.22260
9.50   16500.0   0.23500   0.24450
9.50   17000.0   0.23670   0.43010
9.50   20000.0   0.26990   0.33230
9.50   25000.0   0.21780   0.32070
9.50   30000.0   0.18840   0.40320
9.50   35000.0   0.15450   0.33510
9.50   40000.0   0.13410   0.25950
9.50   45000.0   0.12050   0.21750
9.50   50000.0   0.11100   0.19550
9.50   55000.0   0.10320   0.18900
9.50   60000.0   0.09680   0.18260
